263
933
18591
74
82
42
122
-20
-197
298
867
18652
71
74
41
122
-26
-205
284
890
18637
71
77
43
129
-19
-199
253
914
18524
73
88
42
126
-26
-203
263
917
18624
69
89
42
126
-24
-201
290
896
18595
63
88
45
129
-27
-199
276
870
18625
60
85
43
126
-28
-203
270
885
18621
60
86
40
125
-21
-203
246
891
18542
59
86
41
122
-18
-197
283
881
18801
53
85
42
124
-16
-207
278
863
18758
46
85
42
124
-18
-207
237
889
18700
50
91
41
122
-20
-197
205
884
18550
53
96
42
127
-23
-197
252
907
18636
55
91
44
126
-22
-203
258
946
18603
57
86
46
122
-18
-197
214
887
18719
54
87
47
120
-24
-199
224
886
18723
55
85
47
121
-21
-201
258
874
18617
61
82
47
133
-21
-203
266
914
18637
73
80
49
120
-26
-193
271
836
18585
81
72
50
129
-17
-203
250
907
18494
84
66
50
127
-29
-207
237
952
18424
84
65
47
131
-23
-201
274
917
18661
78
64
46
128
-16
-199
229
934
18696
70
64
42
135
-25
-199
297
898
18767
65
71
42
125
-27
-205
244
858
18714
66
75
43
127
-23
-201
232
926
18664
71
76
42
126
-18
-205
223
904
18618
77
73
41
121
-23
-201
286
896
18485
81
71
40
123
-23
-203
295
887
18458
76
74
40
125
-19
-205
209
875
18575
63
81
41
121
-23
-203
273
934
18751
49
83
41
122
-20
-205
310
926
18738
43
86
40
123
-19
-207
322
924
18612
46
92
41
125
-25
-199
270
870
18623
50
96
40
121
-21
-205
220
892
18554
53
96
43
127
-19
-197
285
930
18558
48
98
42
122
-28
-203
291
904
18683
41
99
43
129
-23
-205
221
946
18693
34
95
44
123
-21
-207
251
862
18701
36
94
47
126
-28
-201
235
864
18653
43
90
48
125
-29
-203
221
871
18586
52
85
47
125
-25
-199
188
943
18625
61
81
47
120
-24
-203
264
932
18575
61
77
48
125
-19
-205
239
863
18752
62
76
48
129
-21
-199
264
904
18743
61
82
47
126
-18
-205
248
916
18709
60
86
48
126
-18
-201
248
903
18649
63
87
48
120
-24
-203
227
916
18678
67
87
47
122
-24
-203
276
849
18590
68
84
44
129
-21
-203
249
917
18635
67
79
44
121
-23
-201
284
907
18651
63
81
43
127
-21
-203
236
924
18604
59
88
43
120
-24
-199
275
914
18689
55
91
43
135
-23
-205
259
862
18695
58
92
43
122
-20
-203
279
898
18704
63
90
42
127
-27
-203
245
887
18630
68
86
44
123
-21
-201
225
903
18573
77
82
45
122
-28
-205
239
891
18670
77
81
46
130
-26
-197
233
889
18702
75
78
45
128
-24
-205
288
924
18669
76
76
47
124
-20
-203
270
856
18631
81
73
47
123
-25
-205
236
857
18539
85
71
46
117
-29
-201
280
869
18556
86
69
48
129
-25
-203
251
887
18504
85
69
48
130
-22
-201
240
865
18579
80
69
47
119
-17
-201
282
872
18683
71
69
47
125
-21
-201
196
900
18693
66
72
46
123
-21
-193
252
902
18767
66
74
46
127
-13
-205
230
856
18684
69
72
44
114
-16
-197
279
929
18658
70
69
43
124
-18
-203
238
934
18680
72
70
41
120
-20
-201
266
919
18598
72
70
43
121
-27
-201
284
907
18608
75
74
45
126
-26
-205
240
918
18587
74
76
47
125
-19
-209
275
877
18585
70
77
47
125
-19
-199
272
914
18663
66
75
48
127
-25
-201
246
915
18618
68
76
48
121
-25
-201
224
919
18539
69
78
48
125
-21
-203
226
927
18701
70
78
49
124
-28
-199
269
893
18648
69
75
49
126
-22
-201
230
932
18682
72
77
50
129
-23
-199
260
891
18566
75
78
53
118
-28
-199
279
875
18597
78
74
52
123
-17
-203
304
909
18545
78
74
52
122
-24
-197
257
883
18554
77
80
49
127
-19
-199
262
931
18713
73
83
49
126
-22
-195
322
895
18719
69
83
48
125
-29
-201
261
883
18559
68
86
47
126
-22
-195
283
878
18711
66
85
48
128
-26
-195
282
892
18715
65
83
49
127
-19
-203
255
931
18638
68
81
50
125
-25
-203
282
913
18714
74
79
49
125
-27
-203
238
909
18644
78
78
49
126
-28
-193
240
931
18661
79
80
49
127
-27
-199
233
910
18583
79
77
47
126
-18
-189
271
878
18696
77
70
47
129
-25
-205
232
912
18667
80
71
43
127
-25
-209
194
889
18613
83
73
43
123
-21
-203
277
899
18619
81
69
44
124
-22
-202
259
868
18631
79
68
46
127
-17
-200
244
909
18677
82
71
49
122
-22
-201
261
946
18542
86
76
49
123
-15
-199
240
900
18557
83
80
45
127
-27
-207
255
907
18641
74
84
46
127
-31
-201
271
896
18748
68
82
45
130
-28
-199
211
876
18682
67
83
44
116
-18
-203
289
881
18583
71
87
43
125
-19
-199
252
869
18675
75
84
44
119
-19
-203
264
912
18556
79
82
45
121
-19
-209
211
894
18518
78
85
43
124
-22
-201
273
872
18576
70
80
42
132
-24
-201
313
941
18714
60
77
41
122
-22
-201
269
900
18681
58
76
41
125
-23
-191
250
874
18682
63
79
42
127
-23
-201
213
906
18601
67
80
43
132
-26
-207
285
895
18529
70
79
45
130
-28
-209
227
892
18536
74
79
45
127
-23
-203
286
949
18644
75
78
45
129
-23
-203
249
947
18705
74
78
47
122
-24
-195
254
845
18592
78
82
49
123
-15
-203
267
926
18697
78
80
50
124
-22
-193
298
889
18619
77
75
47
126
-26
-197
258
888
18549
78
77
46
124
-22
-207
253
924
18611
79
77
45
128
-24
-193
244
905
18706
77
72
45
126
-26
-203
285
862
18643
73
72
44
122
-28
-197
220
928
18712
71
74
43
129
-23
-209
251
909
18673
72
75
45
125
-21
-201
272
875
18575
71
76
47
124
-22
-199
262
925
18600
67
75
46
126
-22
-199
254
926
18615
66
76
46
129
-23
-195
242
919
18652
63
76
47
124
-20
-199
257
972
18720
63
74
47
127
-23
-191
227
898
18626
65
76
47
131
-23
-197
234
942
18590
70
81
45
124
-20
-199
243
937
18597
70
83
44
133
-17
-205
285
901
18631
72
79
44
128
-26
-203
294
897
18641
69
76
46
128
-24
-193
269
948
18683
68
77
46
126
-20
-201
255
913
18661
66
83
47
127
-25
-205
220
945
18588
66
89
44
124
-20
-199
243
915
18641
63
87
42
128
-22
-201
283
906
18674
62
86
37
128
-28
-197
212
903
18711
62
86
39
124
-22
-205
259
880
18639
64
82
41
123
-25
-214
241
884
18712
68
76
44
128
-22
-197
244
878
18629
72
73
46
127
-25
-199
243
890
18588
81
69
46
127
-21
-203
261
874
18654
83
71
45
120
-22
-195
231
882
18657
83
73
45
128
-26
-197
255
876
18648
84
72
45
130
-26
-195
255
902
18679
82
69
46
129
-31
-195
311
915
18648
80
68
49
128
-26
-197
291
958
18594
84
72
49
128
-28
-201
231
918
18545
85
75
49
130
-20
-205
278
897
18698
82
76
48
126
-22
-201
304
889
18569
79
81
48
117
-23
-203
264
897
18676
73
84
49
131
-19
-207
247
894
18682
69
81
52
121
-25
-203
267
935
18668
67
85
50
119
-25
-205
272
903
18679
63
87
49
129
-27
-201
286
865
18684
60
84
50
124
-26
-205
230
901
18695
59
92
47
133
-23
-201
248
917
18618
59
97
43
124
-30
-201
284
913
18687
58
93
42
128
-26
-193
271
918
18567
58
91
44
124
-22
-199
275
894
18656
57
89
45
126
-22
-203
234
902
18654
56
85
46
123
-17
-203
263
918
18625
58
84
45
127
-23
-203
272
891
18758
62
84
46
119
-29
-197
266
931
18659
68
81
46
120
-26
-197
244
910
18561
73
79
44
124
-20
-201
235
891
18680
78
78
43
126
-22
-201
251
925
18599
81
74
43
130
-22
-199
203
887
18694
81
73
44
130
-18
-199
292
857
18682
78
71
46
131
-21
-205
271
914
18649
79
75
45
125
-17
-207
241
908
18684
81
79
48
127
-17
-193
275
887
18643
82
75
51
127
-23
-205
255
912
18668
85
71
49
126
-22
-203
244
915
18542
87
68
48
124
-26
-197
280
910
18680
82
69
49
120
-18
-201
263
904
18608
79
75
52
128
-28
-199
252
902
18716
79
83
50
128
-24
-197
231
931
18562
76
87
46
126
-26
-203
241
866
18644
70
85
44
128
-24
-197
293
898
18607
68
85
45
125
-25
-191
258
909
18687
67
90
46
127
-27
-193
209
895
18592
64
95
45
127
-21
-203
267
893
18644
59
94
43
122
-22
-197
247
933
18672
58
95
42
121
-23
-199
258
870
18683
60
94
45
122
-16
-199
217
915
18552
65
97
45
120
-30
-197
254
927
18572
62
96
46
124
-20
-197
300
853
18696
58
90
43
122
-28
-195
262
896
18696
51
88
41
119
-25
-203
251
896
18743
49
92
42
127
-23
-207
286
905
18674
55
90
45
119
-21
-199
225
928
18658
63
85
44
126
-22
-199
221
900
18633
71
80
43
126
-22
-203
255
948
18623
75
73
43
122
-22
-201
273
956
18563
77
70
45
131
-29
-201
321
913
18708
77
70
45
128
-20
-197
260
950
18751
79
69
45
129
-19
-201
251
894
18656
83
71
43
126
-30
-205
219
906
18540
85
73
44
128
-22
-199
249
898
18614
83
74
43
128
-26
-201
260
888
18663
80
75
42
127
-21
-197
256
914
18660
82
79
42
120
-28
-199
283
926
18690
77
86
41
126
-24
-195
286
917
18662
75
85
41
127
-29
-201
290
868
18653
74
86
39
122
-22
-199
234
878
18648
75
89
39
131
-25
-195
247
939
18555
74
88
39
122
-20
-203
238
917
18567
69
91
41
126
-26
-205
254
941
18663
61
93
42
128
-22
-201
215
898
18736
56
91
39
120
-22
-201
252
906
18669
54
97
40
127
-27
-203
259
911
18691
56
98
39
126
-24
-205
253
935
18612
56
95
38
127
-27
-197
216
863
18502
58
96
41
123
-23
-205
238
937
18571
53
97
41
125
-29
-195
256
921
18637
46
97
41
124
-18
-205
241
894
18678
37
95
42
125
-25
-195
240
898
18787
35
93
43
124
-22
-203
274
885
18747
39
90
45
124
-24
-199
223
865
18716
51
85
45
131
-31
-205
238
914
18637
66
80
46
125
-19
-201
228
865
18539
77
74
50
125
-21
-203
269
918
18634
83
68
49
122
-20
-193
266
926
18691
87
63
50
129
-25
-199
254
881
18649
89
66
47
130
-26
-195
188
933
18520
91
72
45
127
-21
-197
228
945
18545
91
72
45
125
-21
-201
265
900
18619
89
73
46
131
-15
-203
230
884
18767
88
75
48
121
-25
-205
185
923
18606
85
77
47
119
-27
-205
289
911
18632
78
82
46
124
-22
-197
234
900
18625
73
86
45
123
-21
-199
265
910
18616
68
90
44
120
-18
-205
258
902
18595
65
90
42
126
-24
-201
220
923
18586
64
92
43
125
-27
-199
270
927
18571
61
93
43
122
-22
-207
243
918
18689
57
91
42
126
-24
-199
275
909
18612
57
92
44
122
-22
-201
232
893
18721
57
91
44
121
-19
-201
283
888
18708
61
88
43
122
-20
-203
209
915
18625
66
87
43
126
-20
-197
256
903
18592
74
87
41
128
-24
-197
210
900
18626
79
83
41
129
-19
-203
240
881
18581
79
85
42
121
-21
-203
246
956
18616
75
88
42
133
-25
-205
269
909
18710
70
86
42
121
-31
-199
287
909
18646
69
87
43
127
-23
-197
258
934
18595
69
85
42
126
-22
-201
238
878
18689
74
78
42
122
-24
-199
227
944
18592
77
75
45
126
-26
-203
243
911
18626
78
72
45
125
-19
-201
244
900
18647
78
66
45
126
-30
-201
270
900
18626
75
65
44
128
-20
-193
267
909
18563
74
70
44
125
-21
-203
250
915
18618
74
67
46
132
-30
-207
282
903
18643
76
66
44
123
-21
-205
248
925
18613
76
69
44
123
-19
-199
271
905
18563
74
71
46
132
-20
-201
271
913
18568
69
72
47
125
-23
-209
233
898
18596
59
77
48
131
-19
-203
227
953
18777
46
78
48
124
-18
-207
223
873
18746
40
83
46
131
-15
-205
227
944
18680
39
90
46
123
-21
-195
258
906
18721
39
88
49
123
-29
-203
246
893
18595
45
86
49
127
-23
-205
220
937
18630
50
87
47
124
-36
-201
232
897
18612
49
88
45
122
-20
-197
287
934
18635
48
85
46
123
-27
-199
233
880
18713
47
82
46
122
-18
-199
306
926
18634
48
83
46
121
-27
-203
235
880
18749
50
80
46
119
-21
-199
220
894
18499
60
82
45
123
-27
-205
236
940
18651
63
79
44
127
-23
-205
254
914
18698
63
75
44
123
-21
-195
284
908
18637
65
76
44
130
-26
-203
225
901
18649
68
76
43
129
-19
-205
245
865
18644
71
72
42
125
-31
-197
249
882
18690
75
75
44
124
-18
-205
208
881
18707
80
77
42
124
-26
-203
253
922
18689
85
79
42
129
-27
-201
247
913
18640
90
79
42
116
-24
-209
296
942
18540
95
80
41
123
-23
-203
280
937
18571
94
89
39
130
-28
-191
177
891
18651
91
101
39
129
-29
-201
183
905
18682
92
104
41
123
-23
-201
230
895
18574
94
102
40
125
-27
-197
231
945
18727
93
95
40
121
-25
-201
255
916
18740
98
88
41
122
-20
-201
239
880
18623
107
86
40
132
-22
-207
179
944
18595
118
84
38
122
-28
-197
252
880
18610
124
75
41
122
-24
-199
238
889
18747
124
66
45
126
-22
-195
243
895
18564
131
63
49
124
-24
-197
214
892
18523
136
70
49
130
-26
-195
239
938
18448
138
72
49
130
-22
-199
222
933
18470
129
68
49
125
-29
-199
265
943
18639
109
68
52
125
-23
-207
205
902
18817
79
67
52
120
-22
-199
198
950
18775
64
48
54
133
-23
-201
226
843
18687
69
26
55
125
-15
-209
292
867
18701
82
-3
55
130
-22
-197
321
890
18567
99
-33
58
131
-27
-209
378
925
18214
108
-14
57
124
-18
-197
295
868
18958
91
44
53
131
-21
-199
214
880
19060
83
85
47
117
-15
-201
150
934
18710
101
102
45
124
-20
-197
292
893
18999
137
88
46
127
-23
-201
414
889
18822
188
69
46
120
-22
-205
312
918
18442
245
88
41
122
-20
-195
153
982
18048
276
134
39
122
-16
-197
119
983
18765
266
148
36
128
-20
-193
253
939
19265
252
119
38
130
-20
-203
293
918
18743
266
90
42
123
-27
-203
232
961
18620
300
81
45
128
-18
-203
134
902
19630
340
55
45
126
-18
-199
364
1004
19253
433
50
50
123
-19
-205
173
966
18811
563
59
51
125
-23
-205
206
999
18704
696
36
55
118
-24
-197
235
1029
18459
805
10
60
126
-26
-207
228
1099
18628
874
15
62
129
-27
-209
-625
1047
18350
919
15
75
122
-20
-203
895
1153
17914
938
9
129
128
-18
-203
-1102
1332
20050
920
-28
143
122
-26
-201
-463
1232
18631
932
56
189
133
-25
-199
436
1101
18156
937
158
297
131
-21
-215
695
1264
19197
925
103
374
128
-18
-209
818
1202
19283
919
99
401
120
-24
-203
884
1314
18571
939
174
397
116
-20
-213
808
1233
18218
960
210
349
124
-22
-213
577
1351
18059
948
222
272
126
-16
-199
420
1729
18418
892
216
192
119
-27
-203
-44
1750
18973
836
158
122
121
-21
-203
218
1628
18549
818
98
92
131
-23
-209
337
1551
18116
796
95
84
125
-25
-203
216
1471
18406
773
52
76
131
-19
-205
175
1464
18894
766
-51
68
124
-14
-213
302
1466
19117
755
-70
66
122
-26
-209
648
1457
18846
771
-18
62
121
-29
-207
670
1520
18970
792
7
34
117
-27
-203
704
1710
19053
808
1
-13
119
-17
-205
557
1509
18845
850
-6
-74
124
-16
-205
438
1382
18709
902
15
-148
127
-23
-207
339
1587
19108
946
18
-211
129
-19
-207
343
1694
19490
1002
-7
-258
124
-20
-209
224
1484
19362
1100
1
-295
119
-25
-199
331
1364
18843
1235
38
-327
117
-23
-211
434
1362
18427
1344
95
-354
123
-23
-207
46
947
18902
1430
106
-385
119
-27
-213
-107
743
18986
1502
119
-400
124
-24
-209
-246
1705
20649
1576
292
-375
110
-26
-207
300
1655
17298
1742
847
-307
117
-25
-207
855
1882
16620
1837
909
-270
119
-25
-203
393
1727
18545
1841
669
-286
123
-21
-217
-155
1627
19949
1827
411
-328
116
-24
-205
127
1789
19005
1841
402
-341
114
-30
-207
455
2183
18298
1905
449
-349
127
-15
-215
1046
2436
18397
1953
388
-375
113
-21
-215
655
2247
18970
1994
284
-436
119
-25
-201
360
2171
19432
2040
170
-511
119
-21
-207
383
2130
18926
2115
117
-582
123
-17
-211
112
2413
19223
2192
111
-649
122
-22
-211
-312
2278
19451
2308
55
-692
114
-18
-205
288
2466
19344
2436
15
-685
119
-27
-219
683
2449
18602
2558
72
-666
118
-24
-217
712
2503
18573
2695
74
-679
124
-24
-213
218
2303
19049
2793
17
-723
115
-29
-215
351
2600
18626
2869
20
-761
125
-25
-213
263
2585
18250
2928
58
-800
116
-22
-217
-367
2300
18629
2980
10
-845
112
-20
-213
-550
2377
18153
2988
20
-858
121
-19
-225
-926
2310
17728
2957
74
-838
106
-22
-207
-982
2416
18257
2899
71
-774
118
-26
-227
-466
2723
18517
2836
75
-665
115
-21
-213
118
3043
18046
2793
111
-543
118
-26
-213
532
3258
17825
2736
145
-443
111
-27
-223
600
3396
17882
2673
135
-377
122
-30
-217
729
3549
17740
2607
110
-341
116
-28
-225
373
3442
18058
2533
94
-329
114
-32
-219
-265
3146
18098
2472
43
-327
116
-30
-219
-545
3096
18368
2407
8
-307
114
-24
-219
-455
3201
18321
2328
18
-263
118
-24
-225
-197
3280
18351
2255
28
-199
115
-25
-223
-2
3677
18608
2204
39
-130
119
-23
-229
317
3755
18303
2195
52
-56
114
-24
-223
864
3422
17671
2195
80
-3
118
-28
-211
828
3048
17577
2177
96
-7
115
-27
-225
-28
2868
18700
2131
80
-65
112
-24
-215
-1034
3162
19805
2110
55
-143
118
-22
-228
-638
3548
19154
2104
136
-168
111
-21
-223
169
3867
18862
2131
200
-138
123
-25
-221
735
4282
19751
2217
157
-97
117
-25
-227
1403
4509
19682
2373
111
-74
118
-24
-221
2013
4849
18195
2549
168
-92
116
-28
-231
1937
4699
17775
2704
194
-186
110
-22
-233
1326
4752
18437
2841
82
-343
119
-31
-229
376
4506
19190
2951
-14
-522
114
-22
-223
4
4293
18418
3094
-78
-679
117
-21
-227
-25
4250
18328
3219
-126
-783
111
-27
-233
29
4187
17767
3306
-130
-856
108
-32
-221
-260
4202
17690
3336
-151
-944
121
-29
-221
-374
4301
17431
3313
-153
-939
112
-24
-225
-468
4277
17450
3266
-143
-893
109
-23
-225
-596
4562
18255
3198
-170
-821
114
-24
-229
-571
4680
17940
3153
-181
-725
111
-29
-229
-337
4655
18551
3100
-139
-613
111
-27
-227
152
4720
16807
3064
12
-491
116
-22
-223
-103
4297
17361
3016
63
-394
117
-25
-227
-577
4016
18383
2942
28
-327
113
-29
-229
-981
4239
19299
2877
20
-280
116
-24
-233
-659
4448
19122
2844
60
-226
116
-20
-227
232
4848
18454
2842
153
-157
116
-32
-233
506
5279
17865
2877
238
-116
120
-26
-229
558
5734
18056
2924
252
-112
112
-28
-231
587
6145
18745
2976
230
-118
112
-20
-243
795
6258
18366
3092
199
-111
113
-23
-237
745
5934
18415
3243
155
-116
101
-21
-225
884
5924
18184
3407
96
-149
109
-27
-225
642
5899
18163
3546
65
-222
116
-28
-231
476
5762
17494
3679
30
-316
116
-20
-230
-148
5814
17832
3774
-13
-420
114
-32
-233
-435
5841
18061
3849
-53
-498
121
-29
-229
-829
6029
18829
3925
-77
-532
115
-27
-235
-550
6522
18552
4029
-63
-494
115
-29
-231
266
6739
17984
4135
-16
-416
104
-28
-233
724
6924
17871
4245
18
-352
111
-25
-237
1222
6965
17108
4368
15
-333
109
-27
-229
1105
6815
17187
4478
-27
-371
109
-29
-239
828
6739
17516
4546
-90
-456
117
-33
-235
482
6748
17118
4613
-179
-560
118
-30
-235
-90
7301
17409
4682
-281
-657
117
-27
-233
-239
7582
16386
4728
-315
-715
112
-30
-233
-168
7487
15944
4779
-335
-733
115
-25
-243
-209
6918
16447
4814
-369
-749
111
-23
-221
-649
6610
16545
4825
-364
-764
118
-34
-245
-865
6226
16780
4767
-242
-745
116
-34
-235
-740
6279
18063
4698
-218
-674
117
-29
-237
-345
6792
17871
4604
-174
-565
110
-30
-235
259
7387
17995
4528
-91
-455
102
-20
-235
1127
7778
16697
4510
-12
-379
120
-24
-227
1589
8054
16064
4529
9
-372
115
-27
-237
1349
8166
16794
4557
-31
-457
105
-31
-237
802
8281
17081
4609
-132
-601
112
-22
-241
520
8493
16790
4672
-248
-741
111
-21
-231
311
8583
16463
4740
-335
-863
102
-28
-239
60
8322
15817
4808
-381
-953
109
-31
-239
248
7809
16062
4849
-412
-1010
108
-26
-239
187
7479
16573
4835
-448
-1047
112
-30
-233
-273
7161
16402
4809
-484
-1064
113
-23
-235
-1099
7412
17174
4752
-511
-1056
111
-27
-239
-1265
7655
17371
4662
-499
-999
106
-24
-239
-707
7969
17252
4592
-440
-893
115
-25
-235
-146
8372
16764
4538
-355
-767
109
-27
-239
198
9091
15598
4535
-285
-648
113
-31
-241
65
9311
16166
4540
-255
-555
114
-22
-241
95
9357
16121
4564
-226
-478
114
-26
-235
-172
9381
15901
4627
-225
-401
113
-31
-237
-147
9446
15889
4675
-186
-322
110
-30
-231
-501
9440
16397
4736
-144
-228
115
-35
-239
-500
9236
16069
4807
-95
-115
122
-30
-243
-353
9209
15677
4877
-25
4
108
-30
-237
-473
9176
15157
4868
91
117
115
-31
-237
-151
9511
15718
4822
157
225
113
-23
-235
-393
9699
15853
4780
171
311
122
-26
-241
-827
9857
16100
4746
177
385
115
-25
-237
-447
10120
16002
4746
225
477
125
-21
-241
265
10199
16273
4783
324
585
115
-33
-239
638
10292
15886
4852
429
662
112
-28
-235
480
10446
15105
4948
458
681
117
-31
-239
33
10590
16302
5038
433
654
125
-21
-235
-94
11027
16203
5185
369
611
116
-28
-233
-83
10981
15786
5352
330
571
117
-21
-233
489
10951
15304
5516
337
533
114
-22
-237
933
10817
14754
5680
306
472
119
-27
-237
748
10710
15051
5823
213
372
121
-31
-239
631
10770
15526
5969
94
251
123
-29
-233
515
10715
15116
6123
8
117
113
-27
-241
435
10640
14339
6249
-66
-30
119
-29
-231
203
10554
14338
6330
-183
-169
117
-21
-235
178
10426
14536
6402
-322
-288
116
-30
-237
-89
10298
14314
6440
-412
-383
117
-31
-239
-398
10100
13898
6413
-449
-447
115
-21
-233
-522
10367
14268
6329
-475
-465
118
-28
-237
-328
10910
14805
6207
-470
-429
116
-22
-233
-237
11148
13838
6113
-406
-366
119
-23
-233
-165
11698
12731
6009
-283
-300
128
-26
-229
-69
11867
12355
5886
-217
-239
117
-25
-235
-2
11705
13165
5727
-181
-194
128
-26
-229
10
11705
12895
5611
-185
-161
124
-30
-241
-206
11236
13460
5480
-181
-134
126
-22
-235
-281
10853
13120
5322
-149
-107
125
-31
-243
-217
10538
12247
5106
-91
-72
123
-29
-239
50
10502
13189
4757
-6
-30
120
-36
-231
673
10652
12985
4366
22
16
118
-28
-231
568
10768
14482
3982
-1
33
121
-19
-235
-5
11488
15033
3673
-28
9
122
-26
-235
-397
12238
15199
3514
-77
-26
116
-22
-239
-41
12420
13321
3416
-17
-42
121
-29
-229
-134
12475
12649
3404
29
-37
125
-23
-229
-265
12435
13041
3400
-15
-18
121
-25
-239
-199
12362
13216
3374
-25
19
115
-27
-241
165
12628
13362
3356
-8
68
126
-26
-237
689
12804
13678
3380
-13
106
122
-26
-237
997
12778
14066
3421
13
114
120
-26
-231
703
12803
14485
3533
49
73
126
-28
-237
343
13032
13919
3708
120
11
122
-34
-239
326
12946
13136
3897
191
-52
125
-25
-223
441
13005
12705
4057
228
-111
119
-27
-225
402
13357
12637
4203
211
-174
124
-28
-227
697
13284
12554
4359
99
-236
123
-29
-227
978
13241
12307
4527
-99
-311
129
-19
-233
631
13289
12421
4676
-291
-411
121
-27
-231
-27
13172
12465
4804
-438
-515
113
-27
-227
-306
13227
12196
4914
-549
-596
121
-29
-227
-427
13414
11579
5002
-624
-635
127
-25
-225
-433
13138
11157
5033
-669
-643
121
-37
-227
-756
13110
11253
5034
-739
-616
121
-21
-229
-943
13157
11198
4990
-748
-549
113
-29
-229
-736
13037
10268
4860
-586
-440
127
-35
-235
-402
13730
9746
4694
-386
-307
119
-25
-234
-217
14185
10370
4480
-284
-172
115
-27
-237
-47
13645
11451
4220
-220
-51
121
-29
-233
347
13865
12320
4016
-193
47
129
-31
-227
1148
14155
12458
3901
-156
107
127
-21
-231
1560
14066
12286
3862
-91
104
127
-25
-229
1712
14185
11529
3892
14
30
122
-28
-235
1663
14440
10609
3955
134
-113
131
-23
-231
1491
14725
9806
4026
178
-308
120
-30
-225
1383
14605
9108
4069
116
-541
124
-34
-227
971
14487
8141
4056
-57
-793
128
-26
-223
-116
14125
7980
3971
-370
-1037
113
-35
-229
-1558
13853
8806
3603
-1264
-1303
121
-31
-233
-1619
13814
10309
3322
-1658
-1272
121
-29
-231
-1856
13790
11511
3015
-1797
-1153
122
-32
-233
-1803
13914
12186
2710
-1586
-958
121
-31
-233
-32
14587
10818
2443
-1078
-712
121
-31
-229
1111
14786
11607
2296
-720
-496
120
-26
-227
1558
14944
11958
2236
-501
-389
124
-32
-229
1676
14995
12002
2243
-249
-394
127
-27
-229
1577
14887
12385
2339
-49
-492
116
-30
-231
1463
14767
10830
2531
153
-664
123
-29
-225
1029
14630
9201
2759
295
-879
117
-33
-229
64
14569
8415
2930
338
-1103
122
-30
-229
-1252
14551
8463
2998
299
-1286
124
-32
-237
-2614
13967
8859
2988
170
-1374
124
-32
-223
-3355
13843
9419
2952
-83
-1313
120
-20
-221
-2829
14143
10039
2900
-402
-1093
127
-31
-225
-1601
14429
10690
2810
-619
-766
125
-27
-233
-376
14667
11277
2703
-647
-427
127
-33
-231
761
15052
11039
2652
-532
-144
126
-26
-225
1687
15294
10818
2683
-381
28
120
-26
-233
1800
15409
10896
2788
-266
62
124
-24
-227
1144
15206
10418
2936
-127
-27
128
-34
-231
275
14895
9848
3081
29
-173
125
-33
-230
-269
14933
9775
3198
149
-318
125
-25
-225
-540
14856
9790
3305
238
-426
126
-28
-229
-670
14845
9860
3407
283
-485
122
-34
-219
-668
15008
9519
3512
306
-497
125
-31
-231
-670
15000
9142
3606
331
-474
122
-30
-219
-740
14904
8731
3676
338
-433
125
-27
-219
-1038
14879
8693
3729
308
-370
121
-33
-233
-1160
14861
8526
3755
264
-277
127
-27
-227
-886
15089
8100
3753
219
-160
133
-23
-223
-977
15024
7968
3722
173
-30
121
-31
-223
-1127
14499
7288
3710
97
112
125
-23
-219
-1711
14436
7462
3650
3
271
127
-29
-219
-2012
15022
7656
3549
-103
469
129
-27
-225
-1948
15517
8698
3402
-224
719
118
-28
-229
-850
15916
9609
3261
-342
1005
126
-40
-215
923
15793
10311
3192
-458
1277
132
-28
-231
2682
15761
10049
3227
-517
1442
125
-31
-217
3403
16121
9771
3343
-499
1432
133
-27
-225
2701
16001
9565
3507
-413
1236
125
-29
-225
1155
15563
9683
3713
-277
923
126
-34
-224
-101
15321
8940
3963
-142
600
123
-37
-227
-569
15294
7787
4212
-6
352
126
-28
-219
-870
15333
7004
4436
62
202
129
-33
-215
-821
15410
6195
4577
93
141
124
-30
-219
-939
15431
6296
4615
82
151
130
-28
-218
-995
15643
6834
4545
44
211
130
-24
-219
-232
15730
7126
4419
7
315
136
-30
-221
378
16025
8532
4283
-30
418
131
-29
-227
1452
16378
8884
4238
-69
484
121
-23
-225
2302
15991
8856
4270
-48
466
124
-32
-217
2198
15783
8215
4386
6
337
133
-23
-225
1481
16025
6697
4557
111
117
138
-26
-219
370
15882
5218
4715
216
-139
130
-32
-215
-660
15686
4626
4768
303
-364
127
-23
-215
-1165
15687
4527
4717
331
-508
132
-30
-221
-1389
15740
5278
4552
323
-553
132
-24
-229
-1830
15689
6211
4347
275
-504
132
-30
-217
-1256
16023
6186
4161
224
-369
132
-34
-219
22
16501
6212
3993
177
-187
128
-26
-213
1157
16417
6683
3844
132
-36
123
-29
-213
1493
16231
6797
3747
107
26
133
-27
-217
1571
16281
6733
3695
126
-12
128
-26
-233
1287
16438
6858
3686
160
-135
127
-31
-219
1157
16335
6838
3726
199
-313
128
-30
-217
-38
16115
6600
3811
276
-517
132
-24
-221
-992
16046
6022
3950
327
-687
130
-30
-219
-1375
15785
5927
4079
356
-772
122
-28
-215
-1784
15628
6330
4184
340
-765
129
-29
-215
-1894
15968
5744
4280
304
-668
135
-27
-213
-1210
16631
5300
4343
278
-495
136
-32
-217
-256
16783
5264
4382
226
-295
126
-26
-213
230
16045
5843
4393
183
-122
132
-34
-213
-454
15708
6441
4425
129
-9
130
-38
-221
-999
16181
6251
4531
89
79
139
-29
-215
-356
16748
5024
4679
89
189
123
-29
-217
620
16914
4251
4801
95
295
135
-27
-215
985
16433
3985
4871
95
346
128
-22
-211
821
16000
3695
4901
101
325
127
-29
-215
401
16089
2936
4883
122
256
135
-27
-213
-259
16454
2103
4791
155
172
132
-36
-211
-725
16525
1686
4614
166
116
129
-29
-209
-569
16300
1461
4349
156
106
135
-27
-217
-457
16220
1861
4007
143
130
132
-30
-207
-955
16730
2862
3616
104
177
137
-31
-211
-1154
16549
3294
3231
71
251
126
-26
-211
-749
16291
3572
2886
48
365
131
-31
-213
116
16705
3756
2592
23
492
133
-29
-205
1285
16901
3868
2355
22
592
135
-31
-213
1483
16912
4443
2173
22
611
137
-31
-219
782
16755
4554
2073
30
537
132
-32
-215
89
16470
4323
2049
50
419
136
-28
-207
-299
16360
4028
2076
72
320
127
-29
-209
-344
16440
4012
2115
81
263
134
-30
-213
-413
16535
4020
2153
79
238
124
-36
-213
-399
16686
4080
2199
66
246
127
-31
-209
21
16665
4480
2253
50
277
125
-35
-211
489
16659
4503
2334
43
304
132
-28
-207
621
16737
4507
2439
53
304
131
-23
-211
444
16562
3969
2576
71
267
133
-29
-205
209
16577
3621
2730
84
213
138
-34
-209
109
16509
3049
2870
100
158
137
-29
-211
-28
16557
3216
2967
102
109
129
-25
-203
138
16717
3910
3037
92
75
132
-32
-207
470
16612
3673
3118
89
46
139
-25
-205
689
16842
3398
3188
99
5
136
-30
-208
722
17255
3035
3257
114
-59
138
-26
-210
304
16857
2626
3321
128
-144
131
-27
-207
407
16200
2219
3373
133
-234
128
-28
-209
147
16063
2669
3401
140
-324
137
-33
-207
-1083
16506
3575
3475
102
-399
135
-25
-211
-1136
16659
3072
3581
96
-411
131
-29
-205
-910
16471
2394
3677
120
-356
129
-25
-205
-352
16393
2010
3733
103
-264
139
-33
-213
502
16785
824
3715
132
-167
135
-31
-203
962
17201
1228
3644
115
-113
119
-33
-203
248
16743
1353
3523
100
-126
138
-32
-207
-799
16126
1989
3407
81
-167
137
-35
-203
-1434
16019
2024
3312
66
-169
129
-31
-199
-1228
16627
1339
3239
82
-98
127
-29
-201
-556
16855
695
3163
93
26
134
-40
-209
-163
16754
584
3048
96
159
138
-34
-209
-1
16443
869
2888
87
269
133
-37
-201
577
16470
895
2707
84
355
134
-30
-205
1256
16950
1287
2530
95
394
138
-30
-203
1407
17284
1341
2379
85
351
131
-29
-197
926
17006
1297
2237
101
240
130
-34
-203
-306
16566
1791
2136
89
100
147
-27
-203
-711
16383
1219
2030
94
-46
135
-33
-207
-285
16776
714
1983
101
-28
133
-29
-203
146
16970
503
1898
113
3
132
-44
-197
430
16868
100
1777
116
25
134
-30
-195
344
16733
-172
1606
121
21
140
-38
-207
-69
16528
-85
1397
116
-6
137
-27
-199
-59
16571
-206
1167
104
-31
135
-29
-199
-239
16706
-224
909
100
-48
138
-30
-201
-255
16588
202
633
82
-51
135
-35
-201
-234
16458
865
365
69
-37
130
-36
-203
36
16588
1272
129
67
-17
138
-24
-201
285
16838
1334
-56
70
-1
129
-31
-205
474
17007
1312
-200
78
-7
139
-33
-201
478
16797
1386
-307
82
-39
132
-38
-207
323
16717
1630
-389
81
-92
133
-33
-201
5
16645
1644
-436
83
-155
130
-40
-203
-268
16591
1757
-454
88
-213
131
-29
-203
-369
16556
1435
-455
99
-248
135
-37
-203
-252
16603
1190
-463
115
-259
134
-30
-203
-18
16845
1198
-482
115
-259
132
-32
-207
-261
16927
1729
-504
94
-257
136
-24
-203
-601
16547
2093
-507
80
-247
140
-36
-203
-912
16159
2239
-470
73
-216
136
-24
-201
-856
16218
2354
-411
72
-146
131
-37
-203
-551
16727
2429
-319
71
-49
126
-28
-197
-101
17066
2485
-207
71
50
135
-29
-209
89
17078
2356
-79
75
127
132
-26
-201
168
16602
2113
61
79
171
137
-41
-206
-177
16350
1929
212
83
192
135
-33
-203
-277
16379
1427
366
85
212
144
-34
-193
-101
16668
992
491
103
237
134
-34
-205
-10
16822
841
567
98
259
130
-32
-203
-66
16899
778
584
97
274
137
-31
-202
-169
16753
874
563
83
283
132
-32
-197
-110
16567
797
505
83
292
128
-34
-195
25
16592
718
432
83
302
132
-26
-211
197
16591
559
342
84
307
130
-32
-201
-37
16754
848
240
79
302
133
-37
-207
-256
16761
970
132
69
294
130
-38
-203
-316
16580
1107
19
77
301
136
-32
-203
-269
16517
1483
-86
76
323
137
-25
-203
-80
16590
1753
-172
71
357
134
-24
-195
302
16730
1945
-221
70
387
132
-26
-205
293
16895
2088
-235
71
402
132
-30
-201
491
16890
1926
-214
73
394
131
-25
-199
290
16695
1418
-177
84
366
135
-29
-203
-67
16500
1259
-143
89
329
133
-35
-205
-162
16537
1163
-116
86
301
127
-33
-207
-53
16727
1109
-110
82
293
136
-32
-201
118
16801
1282
-129
80
294
141
-25
-207
271
16736
1344
-151
78
292
129
-25
-201
328
16626
1388
-178
83
281
134
-26
-209
228
16657
1389
-198
81
256
130
-32
-201
397
16702
1367
-218
84
226
142
-28
-209
410
16915
1500
-232
85
188
134
-36
-209
357
16818
1696
-249
85
140
132
-28
-205
291
16642
1765
-264
80
86
132
-26
-201
422
16679
1843
-260
80
32
135
-29
-203
556
16770
1953
-240
83
-28
136
-26
-201
283
16766
1980
-204
85
-96
136
-26
-203
-204
16623
1956
-150
84
-163
133
-33
-205
-671
16584
1791
-83
85
-208
133
-29
-203
-597
16547
1574
-19
91
-208
138
-36
-199
-383
16603
1511
25
92
-172
130
-32
-207
14
16699
1540
63
88
-117
135
-29
-205
277
16862
1879
88
84
-71
137
-33
-209
359
16755
1746
115
85
-46
132
-34
-203
699
16663
1604
153
89
-51
133
-31
-203
779
16900
1460
193
88
-89
134
-36
-193
493
16790
1368
223
89
-162
131
-33
-203
16
16517
1381
237
86
-256
125
-31
-203
-362
16625
1066
236
86
-333
129
-23
-197
-546
16752
794
204
93
-375
131
-25
-205
-879
16576
883
149
93
-379
133
-33
-197
-1077
16230
1014
72
91
-339
133
-31
-201
-943
16327
1110
-10
85
-250
136
-24
-205
-411
16693
1153
-100
80
-131
147
-27
-203
3
16818
1410
-188
74
-15
130
-24
-205
63
16814
1607
-263
65
72
132
-26
-211
39
16750
1887
-328
62
130
137
-37
-207
-98
16644
2090
-370
59
163
139
-33
-209
-52
16485
2152
-374
60
191
128
-28
-207
147
16592
2071
-344
63
214
136
-38
-201
428
16690
2142
-287
61
227
136
-34
-203
233
16731
2298
-205
60
219
138
-30
-197
-178
16663
2234
-114
58
199
134
-28
-209
-541
16698
1782
-7
60
183
134
-36
-199
-455
16690
1406
82
70
195
140
-34
-203
-81
16656
1041
140
78
233
132
-34
-205
174
16687
884
155
84
273
128
-34
-201
439
16701
958
130
84
296
129
-21
-203
339
16694
1097
78
86
292
135
-33
-203
-213
16495
1256
18
77
269
137
-29
-209
-434
16505
1551
-45
67
257
139
-31
-205
-163
16854
1627
-91
65
272
140
-28
-201
217
16953
1899
-140
66
300
139
-31
-199
489
16748
1988
-169
68
314
134
-34
-201
715
16738
2033
-177
70
308
134
-40
-205
808
16758
1717
-167
73
269
139
-23
-205
676
16747
1318
-143
76
194
136
-24
-201
468
16740
721
-135
85
99
141
-29
-209
265
16850
353
-170
92
1
134
-34
-201
95
16811
-152
-269
97
-86
131
-27
-197
-29
16696
-323
-441
103
-159
132
-28
-201
159
16594
-338
-684
102
-211
143
-35
-201
132
16569
-148
-981
101
-252
127
-29
-203
-130
16701
105
-1314
96
-288
137
-23
-203
-375
16672
366
-1666
92
-313
135
-29
-203
-271
16521
867
-2019
89
-314
133
-31
-205
-3
16626
1300
-2345
84
-292
135
-31
-199
287
16628
1650
-2634
85
-271
132
-26
-207
283
16562
2006
-2867
80
-269
136
-28
-210
62
16578
2430
-3048
76
-287
134
-34
-203
-174
16693
3138
-3183
69
-308
136
-40
-197
-101
16784
3303
-3247
66
-325
136
-34
-203
-53
16865
3364
-3256
77
-334
138
-30
-217
-39
16641
3415
-3215
81
-342
137
-33
-213
3
16474
3414
-3134
94
-351
128
-28
-199
-103
16457
3288
-3012
105
-365
140
-26
-211
-435
16529
3410
-2875
102
-376
132
-28
-207
-662
16608
3367
-2728
100
-368
134
-32
-207
-763
16629
3575
-2586
103
-334
129
-35
-205
-489
16628
3704
-2444
100
-274
131
-35
-211
-382
16549
3925
-2293
91
-204
131
-39
-203
-421
16389
4024
-2134
84
-135
133
-35
-213
-700
16449
4259
-1951
68
-68
130
-28
-211
-634
16558
4201
-1747
60
10
134
-34
-209
-340
16722
4226
-1532
58
102
133
-29
-213
77
16797
4311
-1301
46
189
131
-25
-209
437
16777
4198
-1069
53
248
133
-33
-217
297
16713
4166
-830
53
268
132
-30
-201
-384
16419
3551
-329
59
236
127
-31
-203
-24
16697
3242
-112
69
234
139
-29
-207
315
16956
3054
61
75
238
133
-37
-211
192
16930
3042
181
76
223
135
-29
-203
-203
16572
3035
258
71
193
137
-33
-213
-449
16452
2743
309
70
170
138
-34
-213
-363
16588
2499
337
75
173
135
-27
-213
-166
16626
2309
341
71
197
134
-34
-211
-67
16643
2246
313
69
227
130
-30
-209
35
16671
2564
253
64
251
128
-28
-201
-43
16691
2833
176
52
265
130
-32
-207
44
16637
3036
101
51
273
129
-31
-211
388
16761
3052
48
52
276
135
-27
-211
306
16799
2975
5
63
260
123
-29
-205
195
16768
2711
-34
71
224
130
-30
-209
-189
16651
2444
-84
75
180
132
-22
-208
-233
16569
2103
-156
82
151
137
-33
-213
25
16612
1906
-253
89
142
139
-37
-207
122
16722
1798
-383
89
134
143
-37
-207
52
16684
1775
-551
88
121
134
-38
-203
-133
16687
1649
-751
90
108
132
-26
-205
-188
16654
1691
-984
90
102
133
-35
-207
-194
16549
1855
-1245
80
105
134
-36
-209
73
16726
1867
-1524
76
115
135
-43
-207
284
16771
2134
-1812
72
119
132
-34
-209
481
16610
2441
-2099
67
110
129
-23
-207
432
16616
2812
-2368
63
75
128
-30
-203
309
16807
3010
-2619
61
22
129
-29
-215
60
16756
3239
-2853
61
-37
133
-31
-209
-13
16589
3293
-3057
60
-88
133
-33
-211
308
16550
3220
-3232
69
-129
136
-30
-213
505
16515
3097
-3390
71
-177
132
-28
-213
-195
16389
3570
-3537
71
-236
133
-35
-209
-766
16377
3645
-3663
71
-283
139
-31
-215
-851
16338
3485
-3776
85
-288
127
-29
-213
-566
16368
3411
-3893
83
-252
141
-33
-205
-145
16376
3230
-4028
84
-189
122
-28
-216
478
16355
3512
-4182
85
-128
135
-29
-211
903
16341
3914
-4345
80
-111
128
-24
-211
833
16454
4350
-4493
86
-150
124
-26
-217
114
16580
4720
-4621
94
-232
130
-28
-215
-407
16487
4797
-4728
113
-319
140
-28
-215
-717
16188
4961
-4817
135
-370
133
-29
-221
-683
16077
5106
-4885
150
-377
137
-29
-205
-427
16135
5445
-4939
151
-349
137
-31
-217
-342
16174
5646
-4973
139
-308
131
-29
-211
-292
16218
5928
-4988
118
-270
131
-21
-207
-423
16269
6575
-4976
87
-236
125
-29
-215
-412
16251
6674
-4924
70
-195
120
-24
-211
36
16367
6241
-4822
74
-154
132
-28
-219
419
16128
5826
-4715
77
-131
128
-26
-215
318
16075
5495
-4632
85
-143
125
-27
-211
-168
16122
5430
-4584
93
-179
135
-35
-215
-373
16081
5873
-4579
88
-219
131
-31
-217
-272
16167
6179
-4597
89
-241
123
-25
-215
-370
16236
6455
-4638
93
-251
131
-25
-218
-495
16198
6561
-4670
92
-247
133
-29
-211
-534
15732
6362
-4686
96
-232
120
-34
-217
-407
15460
6010
-4696
101
-203
132
-34
-215
-77
15629
5579
-4729
111
-166
126
-32
-225
52
15960
5114
-4801
119
-138
127
-29
-219
-215
15890
4936
-4933
126
-132
133
-21
-221
-626
15710
5007
-5140
127
-135
127
-29
-227
-768
15402
5185
-5409
124
-117
131
-25
-215
-611
15212
5526
-5728
113
-72
132
-30
-213
-485
15415
6122
-6083
85
-13
120
-24
-219
-524
15663
6616
-6440
48
49
121
-31
-221
94
15534
6873
-6767
12
112
134
-24
-227
509
15137
7358
-7070
-7
149
131
-33
-223
471
15059
7896
-7320
-19
139
126
-30
-219
209
15213
8390
-7527
-14
96
122
-30
-225
388
15395
8760
-7698
19
30
126
-28
-213
722
15420
9388
-7833
55
-47
125
-33
-227
984
15343
10199
-7923
92
-156
129
-27
-227
580
15132
10539
-7936
144
-308
126
-36
-223
462
15081
10072
-7865
226
-479
130
-30
-230
596
15113
9708
-7765
336
-654
122
-22
-219
483
15032
9597
-7666
439
-836
118
-22
-235
285
14886
9308
-7574
544
-1025
124
-28
-229
59
14794
9664
-7531
652
-1202
121
-21
-225
-351
14404
9797
-7511
739
-1367
127
-37
-225
-927
14272
10047
-7503
808
-1501
121
-27
-223
-905
14125
9600
-7498
855
-1584
119
-31
-227
-735
14380
9558
-7521
857
-1628
124
-26
-235
-223
14535
9434
-7578
818
-1655
119
-35
-219
124
14521
9861
-7683
788
-1692
118
-28
-227
-82
13968
10061
-7801
778
-1760
125
-31
-223
-121
13336
10015
-7899
741
-1853
125
-31
-233
-323
13019
9586
-7974
651
-1960
121
-33
-231
-1031
13376
9743
-8053
500
-2064
113
-25
-229
-1176
14082
9018
-8167
296
-2139
118
-34
-231
-595
14466
9557
-8385
83
-2181
117
-33
-233
-508
13105
10771
-8685
-126
-2222
108
-22
-231
-1114
11951
11348
-8917
-395
-2278
120
-26
-233
-1209
11899
11301
-9011
-798
-2312
110
-28
-231
-469
12595
10974
-9024
-1307
-2310
111
-33
-237
151
13268
10788
-9056
-1817
-2315
118
-34
-237
147
13713
10712
-9201
-2218
-2368
100
-20
-231
-570
13005
11605
-9469
-2486
-2468
109
-29
-236
-2191
11287
12499
-9758
-2704
-2568
119
-25
-241
-2765
10044
12251
-9956
-2951
-2588
109
-25
-241
-2133
10111
11624
-10099
-3194
-2488
104
-26
-243
-1081
10617
11073
-10262
-3331
-2313
105
-23
-239
-595
11141
10523
-10532
-3326
-2139
103
-27
-239
-571
11470
11412
-10968
-3183
-2005
106
-28
-239
-409
10912
12692
-11526
-2939
-1919
103
-27
-235
-1764
9569
15028
-12079
-2667
-1874
103
-33
-233
-2641
8980
14516
-12433
-2444
-1796
100
-34
-243
-2480
8881
14685
-12661
-2321
-1634
107
-27
-243
-1938
8840
14877
-12846
-2230
-1408
99
-33
-245
-1485
8992
14701
-12999
-2104
-1162
100
-26
-243
-1116
8867
15536
-13181
-1936
-934
90
-26
-247
-1837
8265
17354
-13337
-1762
-733
89
-23
-243
-1329
8505
17909
-13341
-1618
-532
94
-28
-245
208
9001
18443
-13212
-1487
-334
94
-26
-241
1002
9051
18195
-12994
-1329
-218
93
-27
-245
631
8865
17514
-12739
-1134
-221
88
-30
-245
-616
8369
17424
-12475
-996
-312
93
-31
-245
-1687
7508
17459
-12169
-1032
-404
93
-29
-247
-1262
7154
17391
-11803
-1269
-431
84
-32
-241
-204
7528
17045
-11403
-1620
-403
87
-31
-243
1151
7921
16386
-11026
-1998
-380
87
-29
-243
702
7510
17586
-10744
-2370
-433
76
-28
-247
-1426
6539
17385
-10451
-2734
-536
82
-22
-245
-2728
6078
17196
-10148
-3096
-572
85
-21
-246
-2338
5880
18040
-9968
-3340
-463
82
-20
-247
-356
6258
18152
-9892
-3312
-251
76
-28
-247
2430
7387
17695
-9858
-3002
-44
80
-28
-247
1015
7090
19296
-9848
-2596
19
80
-32
-249
-343
5702
19824
-9858
-2149
-28
73
-23
-241
-1417
5318
19250
-9768
-1682
-69
82
-28
-251
-1487
5231
18139
-9537
-1311
-41
76
-24
-245
-559
5162
17846
-9291
-1110
61
76
-28
-249
-120
5601
18237
-9029
-1082
182
74
-22
-241
-279
4918
19194
-8816
-1049
280
74
-32
-249
-754
4776
18575
-8643
-869
370
76
-30
-243
-942
4107
16787
-8412
-305
605
73
-31
-247
-1135
4480
17459
-8392
-122
745
75
-21
-241
-1292
4093
18128
-8405
-10
908
68
-22
-239
-910
3495
18505
-8445
130
1107
68
-34
-245
216
3869
18662
-8425
222
1310
86
-34
-241
159
3569
18417
-8398
307
1454
68
-34
-239
210
3775
18030
-8349
360
1543
75
-29
-235
-134
3216
19062
-8330
386
1595
68
-30
-235
225
3454
19825
-8289
376
1626
66
-26
-247
140
2903
19608
-8172
361
1632
70
-36
-245
248
3205
20125
-8018
359
1629
74
-30
-229
242
3288
20499
-7813
322
1614
72
-24
-239
-94
2746
20145
-7535
282
1587
69
-29
-241
-922
2121
19680
-7219
257
1569
64
-28
-234
-1007
2092
18893
-6941
278
1604
69
-29
-233
-411
2015
18000
-6718
337
1697
67
-33
-227
119
1899
18126
-6596
392
1805
66
-36
-231
-281
2146
19693
-6535
392
1886
64
-34
-237
-176
2398
20987
-6411
306
1959
67
-31
-227
530
2382
20740
-6184
239
2026
68
-28
-221
1089
2109
20176
-5937
299
2054
66
-32
-231
774
1481
19882
-5694
487
2012
71
-33
-221
-699
916
19671
-5447
715
1924
59
-35
-227
-1533
651
19097
-5184
890
1880
66
-34
-217
-1193
664
18745
-4958
1026
1937
67
-37
-221
-270
566
18485
-4817
1148
2052
63
-33
-221
953
685
17539
-4741
1207
2175
65
-29
-221
2630
1703
23539
-4755
902
2252
69
-33
-221
2745
2517
25187
-4503
276
2211
66
-28
-219
1761
3013
25250
-3808
-181
1972
61
-33
-217
828
1371
22511
-2822
-351
1604
73
-37
-223
-192
-769
19083
-1768
-348
1200
68
-28
-217
-1351
-2025
16923
-921
-254
881
51
-39
-219
-2251
-1758
16275
-425
-114
722
67
-37
-219
-1948
-779
15554
-264
59
757
65
-41
-221
-1022
-137
16364
-370
216
914
56
-34
-218
-287
1210
18359
-603
241
1061
66
-34
-213
2024
1550
19795
-744
8
1174
69
-39
-217
1261
1951
22172
-734
-354
1149
57
-33
-217
782
678
22138
-507
-612
981
69
-39
-219
-102
-41
19701
-100
-676
752
75
-37
-215
-623
-1006
17661
302
-567
545
73
-39
-213
-1646
-1233
16723
493
-306
368
64
-32
-213
-2576
-1170
15871
462
72
295
68
-32
-213
-825
-797
15873
223
380
418
73
-33
-217
654
679
17484
-139
405
646
71
-35
-213
1952
1531
19761
-420
206
854
69
-31
-221
1819
1884
20978
-504
-106
962
73
-33
-211
1069
1546
21513
-420
-400
958
73
-45
-215
526
1353
19591
-207
-514
854
71
-31
-213
-179
976
18121
11
-448
712
66
-30
-213
-1159
1003
17152
114
-277
607
78
-32
-211
-1731
1656
15912
91
-106
609
81
-41
-207
-2070
2810
16100
-82
-9
727
78
-38
-203
-480
3849
17546
-390
17
965
79
-33
-209
1929
3833
19753
-706
-27
1264
80
-48
-215
2730
4693
21441
-899
-79
1471
80
-30
-209
2398
4514
20264
-874
-77
1485
85
-41
-211
2402
3416
18784
-727
-42
1289
78
-42
-213
-583
3607
18395
-562
52
952
84
-34
-207
-463
3799
17091
-427
149
686
71
-45
-203
-419
455
16833
-419
121
533
79
-39
-201
70
1027
18112
-542
-20
433
75
-43
-207
377
930
20290
-663
-193
367
81
-39
-213
612
910
21247
-740
-260
311
86
-36
-203
